0
0 1 8 0
3
9 20 0
5 32 0
10 1 6
0
0
0.121002
-0.233301
-0.148045
-0.191633
-0.214492
0.006671
-0.225009
-0.134928
-0.064812
0.115169
-0.028127
-0.042658
-0.116727
0.063324
0.161522
-0.033016
0.027760
0.017115
-0.049836
-0.111477
-0.144279
0.219176
0.088563
-0.084389
-0.214209
-0.181280
0.124468
-0.089571
0.209503
0.075261
-0.128248
0.135544
0.022314
-0.005794
0.184628
0.166689
-0.192910
0.232120
-0.231042
-0.044352
0.017368
-0.021126
0.125898
0.216860
-0.173927
0.078252
0.075044
0.140086
-0.038227
0.110981
0.204508
0.019689
-0.006453
0
0.125646
0.026213
0.045370
0.129313
0.144202
-0.053835
-0.173026
0.052631
-0.168858
-0.062100
0.079727
0.147777
0.078831
-0.006107
0.046286
0.092669
-0.042217
0.019740
-0.223500
-0.228373
-0.036595
0.158143
-0.125215
-0.006806
0.096853
-0.024703
-0.099011
0.223698
-0.007842
-0.064078
0.016784
-0.130398
0.121786
-0.049048
0.241217
0.150367
0.094225
-0.073210
0.003384
0.128548
-0.095656
-0.030980
0.120625
-0.074999
0.073556
-0.116137
0.185288
-0.013808
-0.175696
0.063982
0.013819
-0.177931
0.121511
0
0.096291
0.078312
0.037830
-0.077786
-0.159041
0.132246
-0.059896
0.026795
-0.193755
0.132978
0.052088
-0.210973
-0.148454
0.077705
0.133512
0.142756
0.145157
0.011403
0.085625
-0.087614
0.100038
-0.036234
-0.167678
0.090661
-0.020013
-0.184847
0.218242
-0.000208
-0.203904
-0.014912
0.129755
0.107299
-0.229997
-0.090500
-0.118899
-0.079822
-0.063090
0.040118
0.061257
-0.069154
-0.113125
0.023527
-0.017983
0.054319
-0.173499
-0.122050
-0.000132
-0.205520
0.003150
0.232163
-0.056686
-0.068411
-0.020438
0
0.053976
0.219021
-0.112456
0.197308
0.062251
0.149167
0.006905
0.107112
-0.077930
-0.063193
0.009426
-0.012575
0.148397
0.150942
0.176232
-0.036389
0.036890
0.118779
0.110174
0.187441
-0.380643
-0.037770
-0.221428
-0.089438
0.192074
-0.030652
-0.150753
-0.006141
-0.049021
-0.069566
0.199036
0.068358
-0.139410
0.113006
0.037530
0.090395
0.252263
-0.158717
0.048381
-0.008063
0.103250
-0.151320
0.195883
-0.071813
0.214067
-0.011720
0.053203
-0.279903
-0.195695
0.300508
0.045298
-0.200344
-0.032088
0
-0.137026
0.132540
0.080189
0.362908
0.254598
0.253029
0.110836
0.191043
0.393929
-0.077456
-0.149747
0.220132
0.097513
0.101098
0.495100
0.129940
0.055580
0.020667
0.124356
0.353995
-0.155841
-0.078237
0.109835
-0.105664
-0.137250
0.144953
-0.124000
0.024446
-0.332297
-0.136107
0.048045
0.255610
0.292263
-0.241047
0.028966
0.027170
-0.090857
-0.051732
0.062413
-0.138435
0.412309
0.011484
-0.171195
-0.088071
0.078724
-0.033267
-0.604550
-0.262963
0.015080
0.227562
-0.124846
0.338665
-0.226022
0
-0.057283
0.202498
-0.046777
-0.125400
0.237801
0.108544
0.191212
0.206965
0.063865
0.182497
0.167250
-0.046086
-0.210042
-0.061701
-0.064008
0.013366
-0.174209
0.171382
-0.162973
-0.147716
0.177557
-0.017794
-0.044468
0.211964
0.140113
0.080728
-0.102593
-0.097427
0.059796
0.045297
-0.124586
0.088393
0.057427
0.061957
0.087144
-0.000954
-0.166278
0.109770
-0.001460
0.128188
0.058149
-0.145749
-0.171502
0.003141
0.106449
0.037934
-0.064642
0.086708
0.033356
-0.021458
0.136978
-0.025511
0.010962
0
0.199016
-0.107896
-0.006349
0.112121
0.160295
0.126646
-0.179513
-0.042602
0.002346
-0.082241
-0.180745
-0.200776
0.119525
0.127696
-0.006624
-0.213355
0.010396
0.178306
0.113715
-0.147956
-0.043559
-0.191827
0.142665
0.185298
0.055351
-0.169259
0.075839
-0.124133
0.003747
0.012575
0.022597
-0.075663
0.078516
-0.163351
-0.218887
-0.016954
0.155280
-0.173607
0.171987
-0.064539
-0.065075
0.160317
-0.039596
-0.151583
0.096316
0.160175
-0.097370
-0.054136
0.172364
-0.213150
0.019847
-0.129628
0.017576
0
-0.198515
-0.068746
-0.140395
0.089881
0.013274
0.193025
0.184635
0.164773
-0.034374
-0.007637
-0.170274
-0.224149
-0.052806
-0.183888
-0.035290
-0.152403
-0.193149
-0.087077
-0.008325
-0.052895
0.011366
-0.138488
0.062353
-0.116872
0.095135
0.109529
-0.014967
0.077656
0.171065
0.165282
0.157447
0.192806
-0.149464
-0.122617
0.021390
0.071506
0.145312
-0.018463
-0.060044
-0.124760
0.102235
-0.003014
-0.093334
-0.048091
0.019892
0.143220
0.102754
0.176833
-0.122459
-0.111527
-0.049617
0.018827
0.048915
0
-0.102285
0.220145
0.049371
-0.133382
0.145475
-0.161488
0.180612
0.021137
0.135631
0.140532
-0.056764
-0.237193
-0.237700
-0.143150
0.040050
0.066327
-0.057849
-0.226838
-0.254990
-0.157144
0.101297
0.058737
0.001071
-0.006729
-0.189451
-0.149706
-0.084489
-0.000885
-0.000806
0.017343
-0.141783
0.180788
-0.142434
0.167079
-0.136713
-0.062365
0.198224
-0.143203
0.113486
0.083738
0.168387
0.017738
0.185255
-0.153063
-0.075286
-0.003996
0.315327
-0.138766
0.030938
-0.208125
0.035857
-0.032665
0.120051
0
0.064181
-0.167102
0.183091
0.269374
0.082226
0.185117
0.073652
-0.121306
-0.010304
0.181677
0.298446
0.132062
-0.023504
0.125574
0.091429
-0.153382
-0.207975
0.019497
0.134056
0.188681
0.233303
0.079276
-0.081312
-0.062610
-0.074817
0.244616
-0.058532
-0.205946
-0.095775
0.128602
-0.117520
0.082474
0.223503
-0.141092
0.011166
-0.072449
-0.010781
-0.156068
-0.075652
0.128227
0.018847
-0.193510
-0.162811
-0.257570
-0.150726
-0.030178
-0.122714
-0.092345
0.219650
0.248859
-0.137788
0.097942
0.009836
0
-0.019791
-0.132772
-0.125871
0.164935
-0.119396
0.080224
0.197441
-0.060078
0.039768
-0.026485
-0.187025
0.033299
-0.008935
0.069687
-0.187389
-0.106807
0.041702
-0.033201
-0.108756
-0.042200
0.082164
0.184184
-0.112460
0.229675
-0.259094
-0.039520
-0.066088
0.121318
-0.080082
0.026012
0.084910
-0.104273
0.047640
0.164233
-0.146282
0.229602
0.073048
-0.153152
-0.107386
-0.092748
0.018935
-0.075619
0.139349
0.191381
0.152532
0.132061
-0.102481
0.033414
-0.140101
-0.030350
0.134920
-0.189762
-0.020011
0
-0.098308
-0.162912
0.195274
-0.053746
0.020651
-0.134399
-0.097591
-0.215643
0.042457
-0.207806
-0.155244
-0.070368
0.172006
-0.115171
-0.094000
0.023193
-0.091433
0.003154
0.123187
0.104238
0.162519
0.098076
0.110626
0.099530
0.029164
-0.200754
-0.090704
0.161342
0.003025
-0.162300
0.163689
0.123466
-0.129903
0.172899
-0.117541
0.111756
-0.161671
-0.007269
0.099205
0.091483
-0.018526
0.174925
-0.165976
-0.015233
-0.146034
-0.046354
-0.178212
-0.007848
0.177359
0.146975
-0.068564
0.129509
0.021282
0
0.085991
-0.118372
0.039849
-0.114209
-0.150095
0.187236
-0.100839
0.115336
0.185670
-0.149670
-0.004029
-0.159403
0.174905
0.015286
0.084796
-0.235888
-0.204152
0.019072
0.089122
-0.015917
0.026746
0.152546
0.166729
0.114064
-0.078078
0.170646
-0.150136
-0.114447
0.210392
-0.074345
-0.160850
0.020114
0.001135
0.050760
0.085339
0.074475
-0.028776
0.159658
-0.065219
-0.057300
-0.220865
0.073044
-0.017980
0.199121
-0.077192
-0.104067
-0.130996
-0.032453
0.171507
0.174632
0.160746
-0.070607
-0.009619
0
0.030280
0.158561
-0.189756
0.166627
0.126323
-0.124837
-0.165556
0.061690
0.008105
-0.148287
-0.112226
-0.180644
0.127069
-0.144102
0.106557
-0.132419
-0.220351
-0.210200
-0.022880
-0.201481
0.213826
-0.182837
-0.167855
-0.112331
-0.166960
-0.144267
0.062007
-0.147023
0.177107
0.009243
0.030569
0.070706
-0.082510
0.088161
0.065239
-0.130772
0.137639
0.095232
0.163512
-0.062383
-0.217108
-0.115340
0.006555
0.122903
-0.062095
-0.060364
-0.110261
-0.056250
-0.013653
0.075629
-0.004844
-0.062907
-0.002592
0
0.320040
0.251022
0.178508
0.030019
0.158119
-0.182844
-0.159287
-0.069994
-0.057197
0.131466
-0.104059
0.117755
0.045374
0.224134
0.267499
0.039882
0.141922
0.150157
0.163820
0.149599
-0.250300
-0.244027
0.024048
-0.138806
0.076079
0.137579
-0.024415
-0.149836
0.027567
-0.177311
-0.078479
-0.137652
0.091899
0.089201
0.059823
-0.091207
0.090906
0.100980
0.183822
-0.028647
0.104556
-0.174479
-0.226099
-0.052961
-0.034471
-0.116633
0.161819
0.008293
0.180872
0.045515
0.047728
0.173813
0.023233
0
0.042535
-0.046638
-0.075417
0.000500
0.228453
0.170500
-0.010717
0.019407
0.189170
0.168144
0.180855
0.114138
0.159290
0.034870
0.256258
0.105685
-0.078212
0.201015
0.234149
0.211401
-0.255488
-0.177294
-0.153873
-0.111182
-0.154813
0.188733
-0.191730
-0.215841
-0.126639
0.020733
0.156057
-0.112318
0.221470
-0.196357
-0.041323
0.175678
-0.126374
0.176784
-0.063639
-0.144569
0.230920
-0.129759
0.124649
-0.089885
0.085681
0.041733
-0.272466
0.016416
-0.039101
0.217133
-0.094303
-0.009048
-0.037250
0
0.326676
0.081836
0.131777
-0.103680
-0.018541
0.064468
-0.168863
0.067831
-0.115389
-0.179634
0.148897
-0.072706
-0.049269
-0.104499
-0.164648
-0.050877
-0.124024
0.005491
0.035604
-0.126954
0.144946
-0.079457
0.024177
-0.093998
0.121471
0.004291
0.131368
-0.066317
0.017164
-0.089327
0.190365
-0.006704
0.137814
0.021966
0.204380
-0.065595
-0.161318
0.137645
0.213502
0.016976
-0.250194
0.123746
-0.011888
-0.044306
-0.156996
-0.152537
0.289007
-0.063923
0.009291
0.048291
0.029403
0.008192
0.029734
0
0.115926
0.031705
0.120818
0.265473
0.196432
0.028165
-0.194986
-0.151277
0.015148
-0.155874
0.159054
0.128843
0.218657
0.232410
0.313669
0.331700
0.158059
0.320542
0.215900
0.215102
-0.001952
-0.141354
0.070376
0.082966
0.090508
0.174458
-0.024837
-0.151464
-0.148098
0.100215
0.013466
-0.032007
0.105945
-0.290371
-0.113343
0.151327
0.316036
-0.108225
-0.179842
0.133815
0.229139
0.228516
0.134828
-0.274746
0.167216
-0.106467
-0.173973
0.035918
-0.179140
0.175668
0.142562
0.196744
-0.057445
0
-0.159479
0.184618
0.298339
0.309786
0.238995
0.078626
-0.135438
-0.049990
-0.024268
0.179317
0.197564
0.111991
0.357993
0.275500
-0.011601
0.105679
0.240697
-0.097111
0.001641
0.141153
0.231884
0.057186
0.095435
-0.091383
0.235969
0.219839
0.123481
-0.216428
-0.063095
0.132913
-0.193845
-0.137591
0.167897
0.112636
0.272373
-0.020007
-0.313368
0.114681
-0.092094
-0.172081
0.100501
0.168433
-0.110029
-0.156488
0.149533
0.068077
0.221688
-0.016299
-0.050895
-0.018047
0.056123
0.097346
-0.141781
0
-0.181701
0.070485
0.203434
-0.164926
0.080008
0.147502
-0.099299
-0.036050
0.036626
-0.072248
-0.033340
-0.160040
-0.150810
-0.074272
-0.059454
-0.140612
-0.140080
0.079478
-0.038896
0.073392
0.023372
0.179180
0.183063
0.157941
-0.027981
0.159553
-0.115996
-0.136777
-0.094306
-0.183275
0.158116
-0.065713
0.056701
0.162011
-0.063384
-0.072998
0.029757
0.010203
0.053101
-0.151589
0.097851
-0.189252
-0.115109
0.158241
-0.085456
0.042666
-0.130378
0.014559
-0.095286
0.002987
-0.143429
0.107385
0.004371
0
-0.041267
-0.187802
0.032363
0.157522
-0.194541
0.116624
-0.164293
-0.088691
0.146231
-0.202455
0.026667
0.009373
0.133142
0.149325
0.107897
-0.033903
-0.040412
-0.033951
0.021898
-0.127348
0.024216
0.148971
-0.151536
0.121232
-0.031423
-0.127353
-0.085816
0.093421
0.102382
-0.050262
0.013375
-0.157637
-0.022953
-0.121083
-0.199631
0.008133
0.147130
-0.136236
0.095627
0.099312
-0.178002
-0.073966
-0.089735
0.186186
-0.120483
-0.159950
0.002466
0.111519
0.042566
-0.192646
0.201252
-0.182776
0.000466
0
0.106665
-0.213862
0.178850
-0.006084
0.018425
-0.064206
-0.134905
0.206569
0.039890
0.046723
-0.135680
-0.177878
0.056120
-0.219649
-0.066018
-0.073408
-0.224689
-0.175930
-0.154411
-0.183780
0.192998
0.127448
0.004188
0.264365
0.096738
0.087436
0.066649
-0.038499
0.200149
0.036396
-0.024496
0.091071
0.084332
0.017904
0.235593
-0.145673
-0.149047
-0.153460
-0.189247
0.133083
-0.038532
-0.202475
0.075352
-0.055906
-0.157233
-0.054250
0.195466
0.050977
0.125561
-0.156953
0.122180
-0.046620
0.033276
0
0.257813
-0.049894
0.027526
0.108338
0.200545
-0.149250
-0.249416
0.019452
0.045873
-0.096837
-0.137374
-0.016771
0.046305
-0.152230
-0.007163
-0.242159
-0.170726
-0.007243
-0.281841
0.086762
0.240182
0.188087
-0.187567
-0.113574
-0.084796
0.152017
0.099242
-0.175651
-0.153950
0.024827
0.040336
-0.215902
0.043229
-0.151388
0.181759
0.065801
-0.196019
0.148311
-0.096482
-0.232909
-0.195413
0.100257
-0.075449
-0.101402
-0.183274
-0.042267
-0.003467
-0.047433
-0.177140
-0.129338
-0.030296
-0.154691
0.068817
0
-0.075711
-0.124848
-0.159059
0.095553
-0.017218
0.218628
0.182783
0.005142
0.088214
0.027976
0.060617
-0.052593
0.006881
-0.238233
0.085084
0.044365
0.134689
-0.224122
-0.033688
-0.304413
0.290141
0.002570
0.093514
0.100877
-0.072049
-0.048282
-0.079025
0.210292
0.265313
0.058137
0.125288
-0.154342
0.065100
-0.026124
-0.004272
-0.049890
-0.130313
0.179441
-0.022890
0.086866
-0.371383
-0.012027
0.117816
-0.044837
-0.040868
0.046660
0.011112
0.159557
0.263676
0.045520
0.085404
-0.085671
0.040476
0
-0.031237
-0.108336
0.016588
0.218439
0.093528
0.116727
0.107358
0.045863
0.269355
0.099166
0.065877
0.143855
0.074821
-0.121676
-0.185857
0.065569
0.087966
0.144004
-0.010472
0.178871
-0.120824
-0.135887
-0.103037
0.093815
-0.093481
0.118616
-0.098663
0.129868
0.107978
-0.162282
-0.073415
0.058460
-0.087335
0.092877
0.026677
0.043398
-0.159378
-0.246157
0.147996
-0.193201
0.073486
-0.176089
0.039023
-0.271106
0.016103
0.191679
0.248361
-0.214101
0.087067
0.121650
-0.139834
0.209505
0.008124
0
0.152482
0.064390
0.118927
0.204994
-0.041992
-0.110893
0.152158
0.157171
-0.089231
-0.064959
0.065803
-0.013487
0.188081
-0.152889
-0.128390
-0.169889
-0.177563
-0.163243
-0.142656
0.066089
0.036115
-0.122414
0.095771
0.252878
-0.286375
0.084405
-0.089808
0.068247
-0.093482
-0.061196
0.100049
-0.097923
0.105276
0.007548
-0.102273
-0.072463
0.055830
-0.173155
-0.171886
0.193178
-0.098497
0.083453
-0.041663
-0.068516
0.071534
0.037619
0.081456
0.163524
0.104482
0.092509
0.075662
-0.084965
-0.006911
0
0.265017
0.119467
0.016233
0.183787
-0.193297
-0.107939
0.017849
0.002391
0.123759
-0.058410
0.098734
0.129871
0.233929
0.247348
0.298075
0.219671
0.373482
-0.030955
0.266853
0.146055
-0.116421
-0.289276
-0.020435
0.008405
0.051819
-0.152856
-0.061049
-0.024861
0.089290
0.197003
0.163220
0.064896
0.001632
-0.161840
0.031284
0.068372
0.211397
-0.127748
-0.080487
0.086679
0.166914
-0.134925
0.063250
0.017134
-0.113436
-0.137943
-0.058404
-0.281571
-0.088914
0.253546
-0.097647
0.195965
-0.051279
0
0.238817
0.226351
0.004984
0.041691
-0.174628
0.108812
-0.172762
0.150559
0.113159
0.174079
0.002937
-0.232971
-0.243979
-0.139281
0.096226
0.036833
-0.035025
-0.155930
-0.104365
-0.150543
-0.025077
-0.013804
-0.195129
0.053343
-0.247059
-0.098272
-0.030025
-0.033603
-0.022975
0.057063
-0.032836
-0.097104
0.002441
0.092277
0.214886
0.062114
0.074698
-0.185985
0.140208
-0.062608
0.095923
-0.136382
-0.011446
-0.222648
-0.086507
0.003409
0.344732
-0.308672
0.151378
0.041787
0.093171
-0.152831
0.074281
0
-0.214544
0.012551
0.047742
-0.039358
-0.078001
-0.187111
0.002529
-0.020435
0.134288
-0.174246
0.224664
0.091545
0.172570
0.153430
-0.036243
-0.070366
0.064345
-0.269008
0.015410
0.087547
-0.014314
-0.066748
0.218155
-0.199577
0.025477
0.111340
-0.085811
0.005988
0.192847
0.234809
-0.015619
-0.157992
0.059890
-0.107924
-0.087476
0.111513
-0.175746
0.185660
-0.210473
0.160847
0.209647
-0.131694
-0.035255
0.065679
0.286932
0.150568
-0.224329
0.176143
0.184518
0.095661
0.043445
-0.027638
0.052171
0
-0.039406
0.140159
0.090683
0.250233
-0.090162
0.084629
-0.044446
-0.166680
-0.047590
0.145003
-0.154380
-0.240459
0.135028
-0.046875
0.007367
-0.226424
-0.069601
0.138499
0.142399
-0.159561
0.252060
-0.071116
-0.236728
0.197439
-0.034591
-0.132506
0.062329
-0.047772
-0.065443
-0.115529
0.073222
-0.054864
0.164634
-0.087246
-0.035223
-0.154834
0.182138
0.129963
-0.053790
0.007677
0.098943
-0.000704
0.021665
0.116719
-0.194734
-0.069552
0.209092
-0.019555
-0.107344
0.165340
0.085181
-0.163412
0.055574
0
-0.121015
0.088085
-0.151548
0.040572
0.195923
0.177546
0.185352
-0.135603
-0.046465
0.097901
0.044424
-0.073990
0.191653
0.219038
-0.013270
0.167098
0.161314
0.130518
-0.023876
0.099085
-0.053366
0.182853
-0.027315
-0.006500
-0.127043
-0.095244
0.187110
-0.090124
-0.208014
0.071163
-0.020343
-0.091466
-0.056186
0.011393
0.121318
-0.068295
-0.043549
0.080863
-0.050014
0.084492
-0.045651
0.174840
0.182390
-0.099027
0.182957
-0.030783
-0.132485
0.124324
-0.132329
0.030157
-0.010129
0.021561
-0.017907
0
0.044970
0.229903
-0.122096
0.109819
-0.060716
0.257277
0.198860
-0.110532
0.134951
0.065982
0.046259
-0.110421
0.276819
-0.029258
-0.001695
-0.005764
0.215800
0.167883
-0.092503
-0.010841
0.092508
-0.113269
0.017555
0.050127
-0.006149
0.094704
0.044040
0.059929
-0.114832
0.192117
-0.108783
0.120376
0.130586
-0.097728
-0.059609
-0.176540
-0.053140
-0.090325
-0.147241
0.153382
0.140974
0.072315
0.189594
0.048009
0.158894
-0.077582
-0.163080
0.093868
-0.209128
-0.094136
-0.193689
0.059521
0.026934
0
-0.270861
-0.308272
-0.372164
-0.096751
-0.229097
0.055353
-0.007565
0.040039
0.288377
0.233858
0.010290
0.110804
-0.288334
-0.126430
-0.084286
-0.298601
-0.198642
-0.079144
0.026977
0.556986
-0.100147
-0.112787
-0.010887
0.140202
-0.158374
-0.154369
0.119958
-0.013307
0.122592
0.116892
0.033041
-0.139545
-0.264413
0.009441
-0.075408
0.147870
0.197501
0.182558
-0.363693
0.080749
-0.043099
0.087627
0.057554
-0.075044
-0.190211
-0.335765
0.296099
0.056110
-0.098232
0.073295
-0.126887
-0.274621
-0.367519
0
-0.292237
0.100741
0.063353
-0.229112
-0.420322
-0.433527
0.121149
0.154168
0.156487
0.073503
0.104306
0.211152
-0.020191
0.010306
-0.149944
0.150054
0.089407
0.076029
0.070004
0.645613
-0.206016
0.022407
-0.030473
-0.201008
-0.296032
-0.167823
0.054565
-0.145233
-0.235195
0.185185
0.255795
-0.172913
-0.117237
-0.140946
0.313891
0.191916
-0.175383
0.030799
-0.067392
0.161735
-0.065459
0.037417
0.013299
0.058252
-0.017745
-0.137518
0.378035
-0.219943
-0.154992
-0.064024
-0.091239
0.201898
-0.290522
0
-0.084022
0.268210
-0.099425
-0.054348
-0.374760
-0.270475
-0.058230
-0.016612
0.175259
0.045196
0.157934
0.025359
0.155710
0.078066
-0.018446
0.241193
-0.082042
0.056099
0.095844
0.124739
-0.020496
0.176580
-0.118410
-0.026428
-0.476842
-0.162205
0.124196
-0.216623
-0.156181
0.202603
0.046805
-0.109195
-0.120047
-0.289557
0.253223
0.293810
-0.091753
-0.027738
-0.227711
0.038658
-0.294789
0.141860
0.097614
0.220444
-0.154426
-0.282462
0.149481
0.042668
-0.162669
-0.161662
0.152277
0.144291
-0.305732
0
-0.290591
-0.594755
-0.211633
-0.273558
-0.143520
-0.034885
-0.032759
0.037599
-0.193400
0.101288
0.131933
0.152651
-0.088355
0.296482
0.247522
0.292605
0.343394
0.287967
0.121044
0.339762
0.154950
-0.032018
-0.052387
0.170877
-0.092205
-0.150012
0.005580
-0.008306
-0.011567
0.069856
-0.087209
-0.093451
-0.094573
-0.029749
-0.003300
0.154837
0.193900
-0.066605
0.181128
-0.162118
0.082639
0.123385
-0.173982
0.274189
-0.292656
0.109285
0.101270
-0.294685
-0.169856
0.142335
0.006542
0.101579
-0.371438
0
-0.139660
0.133373
0.099722
-0.203733
-0.312892
0.049739
0.386285
0.602945
0.171712
-0.013387
0.353229
0.425793
0.329194
-0.132356
0.084028
0.148394
0.042524
0.075638
-0.091263
0.290327
-0.168853
0.144619
-0.043420
0.240059
0.350084
-0.102315
0.041154
0.169285
0.221129
-0.184445
0.454727
0.047782
-0.369453
0.000660
0.012061
0.186548
-0.077528
0.056355
-0.030721
0.024705
-0.051753
-0.273765
0.063671
-0.091591
-0.148746
-0.093322
0.161596
0.007231
0.076210
-0.086682
-0.276263
0.022815
0.199937
0
-0.150892
-0.135895
0.012876
0.156781
0.083051
-0.164357
0.043700
-0.032857
0.096621
0.068888
-0.010333
-0.123740
0.186488
0.043327
0.159370
-0.037773
0.025787
0.109266
0.234043
0.085364
-0.054206
-0.096644
0.004539
0.066626
0.112457
0.067496
0.044873
-0.189879
-0.258034
-0.099661
0.054882
0.038544
-0.271627
-0.097456
0.091683
0.184028
-0.055481
-0.099200
-0.118364
-0.012243
-0.000736
0.164630
0.052564
0.163642
-0.226535
0.121680
-0.141556
0.215240
-0.183159
0.222667
0.193938
-0.226611
-0.172098
0
0.066495
-0.028289
-0.261013
-0.025860
-0.114101
-0.091730
-0.218213
0.049152
0.161064
0.052771
0.172879
0.200485
-0.125601
-0.125151
0.060156
0.136616
-0.030968
0.243800
-0.030810
-0.046217
0.086118
0.194207
0.167143
-0.073811
0.011507
0.160319
-0.108036
0.099838
0.094703
0.135143
0.189185
0.065273
0.087846
0.169769
-0.051086
-0.140233
-0.030879
-0.062992
0.161048
-0.029115
-0.148233
0.058058
-0.057583
-0.147074
0.176192
0.158277
-0.248722
-0.099455
0.160374
-0.069030
-0.115185
0.122106
-0.114330
0
-0.204714
-0.212699
-0.222920
0.107708
-0.215764
-0.133173
-0.052191
0.124388
-0.067016
-0.034367
0.024063
0.228575
-0.007360
0.206233
-0.067524
0.201709
-0.032573
-0.134021
-0.073096
-0.022014
0.076739
0.076698
-0.058185
0.100358
-0.098520
-0.014415
0.188318
-0.106694
0.064114
-0.109922
-0.097053
-0.140745
-0.124971
-0.206896
0.245058
0.067529
-0.033119
0.051977
-0.089719
0.178742
0.125558
0.129552
0.147790
-0.024701
0.037255
-0.215203
-0.081828
-0.204811
-0.236199
-0.039773
0.013501
0.134977
-0.098368
0
0.091895
-0.162821
0.038920
-0.132536
-0.125906
-0.186318
-0.029783
-0.091607
-0.132196
-0.025443
0.011090
0.184416
0.260529
0.108500
0.062885
0.141275
0.211205
0.112408
0.064044
0.117103
0.044529
0.108432
-0.325701
0.034313
-0.116531
-0.098045
0.034151
-0.117880
0.027166
0.184134
0.069507
0.040965
-0.014912
-0.016824
0.323636
0.060930
-0.303793
-0.020488
0.173839
-0.034508
-0.311579
-0.134854
-0.110910
-0.037560
-0.084736
-0.008081
0.323737
-0.115014
-0.219994
0.005092
0.101415
0.131345
0.009197
0
0.079129
0.044510
0.094291
-0.287419
0.118558
-0.238662
-0.369258
-0.306178
-0.070519
0.437874
0.043757
-0.101497
0.221866
-0.110439
0.042832
0.265124
0.082438
0.037716
0.021912
0.104370
0.092418
0.189516
0.110575
-0.037113
0.003791
-0.011673
-0.049620
-0.054118
0.070672
0.222968
-0.169510
-0.073241
-0.120953
-0.171316
0.009156
-0.011455
0.012466
0.374630
-0.082705
0.148938
0.191726
-0.097980
0.032155
0.237397
-0.124281
-0.039019
0.076645
0.081053
0.081113
-0.201480
0.005921
0.052783
-0.153180
0
-0.307466
-0.362215
-0.380657
-0.099942
0.152998
-0.064554
-0.105656
0.092513
0.159908
0.055643
-0.068400
0.296104
0.137248
0.132948
0.014673
0.012470
0.153133
0.040795
0.362244
0.108027
-0.061882
0.228322
-0.184274
-0.017935
-0.052029
-0.242082
-0.113593
-0.134168
-0.133992
-0.005774
0.191466
0.051514
0.047491
0.143982
0.215319
0.094622
-0.151465
-0.139065
-0.080166
0.174266
-0.093360
-0.049046
0.194278
0.213091
0.051652
-0.170809
-0.181708
-0.076632
-0.153559
-0.163792
0.183309
0.005109
-0.205676
0
0.077415
-0.287245
0.103341
-0.145591
-0.248863
-0.306958
-0.079603
-0.118360
-0.039229
0.008098
0.168166
-0.105050
0.012222
0.169516
0.145045
0.086872
-0.185146
-0.084130
0.076703
-0.019751
0.034765
0.043201
-0.144857
0.021736
0.027451
-0.113507
0.178423
0.150049
-0.098667
0.069606
0.006782
-0.104370
0.041982
-0.096204
0.082062
0.165711
-0.050476
-0.063887
-0.117886
0.194559
0.053240
-0.133387
-0.149914
-0.084138
-0.198961
-0.225941
0.210526
-0.168585
-0.144048
0.001207
0.048281
0.135447
-0.060061
0
-0.297019
-0.048962
-0.388572
-0.220519
-0.335877
-0.147974
0.212592
0.358306
0.384714
-0.072655
0.283177
0.023551
-0.011874
0.094171
0.146040
0.222642
0.257175
0.197799
0.239293
0.517562
-0.358874
0.251104
0.135111
0.379051
-0.580889
-0.102189
-0.010656
-0.232810
-0.042628
0.339412
0.054198
0.101243
-0.190447
-0.489686
0.010307
0.153142
-0.042902
-0.027830
0.108867
0.016261
-0.126354
0.022221
-0.078811
-0.186289
0.353167
-0.342756
0.401267
-0.218637
-0.049711
-0.124879
-0.096936
0.045068
-0.666590
0
-0.057832
-0.246428
-0.134394
-0.229474
-0.275294
-0.223693
-0.068964
-0.213768
-0.270725
0.033026
-0.242723
-0.143888
-0.182869
0.003054
0.079518
0.106135
0.163503
0.127195
-0.136452
-0.153855
0.100251
-0.071442
-0.202325
-0.042870
-0.039097
0.067729
0.246512
-0.134385
-0.210839
0.055203
0.105739
-0.017010
0.043728
-0.154105
0.197637
0.158956
0.065985
0.050696
-0.089358
0.006509
-0.091987
-0.064428
0.191120
0.065135
-0.262987
0.143777
0.023879
0.211403
0.097744
0.093231
-0.092413
-0.030789
0.009102
0
0.187492
-0.045426
0.329108
0.176422
0.255783
-0.034169
-0.160514
0.050139
-0.126487
-0.232174
-0.034288
0.242180
-0.021008
0.002909
0.230519
0.165781
0.209030
-0.133887
-0.035021
0.102716
-0.045471
0.079803
0.088055
0.025337
-0.288036
-0.050068
0.021086
0.013323
-0.195167
0.136312
-0.109102
-0.186042
-0.088397
0.021039
-0.070413
0.176001
0.039896
0.150352
-0.117579
0.080903
-0.274835
-0.151822
0.110603
-0.049840
-0.159774
-0.012425
0.383595
0.001729
-0.015350
-0.016277
0.181546
0.173013
-0.130535
0
0.069465
0.073542
-0.260280
0.007596
0.104290
0.293584
-0.003340
0.054091
-0.008893
0.144164
0.156590
0.221223
0.023189
0.029808
0.139274
0.264474
0.279003
0.001470
0.202677
0.207557
0.245405
0.148532
-0.259969
0.188705
0.155015
-0.398795
0.007329
-0.056250
-0.079080
-0.145488
-0.057188
0.295812
-0.377987
0.161148
0.015749
0.096932
-0.077422
0.144514
0.273873
-0.018631
0.007502
0.192158
-0.025326
0.043075
-0.267179
0.228095
0.313084
0.160642
-0.220317
-0.074414
0.101926
-0.059148
-0.391527
0
0.006796
-0.470392
-0.377448
-0.058152
0.005567
-0.125222
-0.451712
-0.308226
-0.142264
-0.031300
-0.087528
-0.108780
-0.244479
-0.437275
-0.460516
-0.126208
-0.166433
-0.360296
-0.267809
-0.212076
0.060336
0.226038
-0.095913
0.190673
-0.131045
-0.166840
0.061633
0.048218
-0.248192
0.156361
-0.040410
-0.167579
-0.296236
-0.057316
0.236330
0.334290
0.038254
-0.042739
-0.030166
-0.097659
-0.074475
0.184052
-0.157790
0.079009
-0.193877
-0.217194
-0.072771
0.005317
-0.214877
-0.120250
-0.092119
0.075367
0.038154
0
0.142763
-0.287769
-0.197056
-0.155893
0.069009
0.224716
-0.072958
0.178825
0.304495
0.294546
0.243003
0.263755
-0.073093
0.062323
0.155481
0.209934
0.233319
0.303019
0.372890
0.133253
0.196468
-0.059294
0.086585
-0.171029
0.148751
0.074731
-0.088839
-0.196514
-0.268213
-0.243215
-0.041242
0.053648
-0.061780
-0.020147
0.113795
0.054912
-0.361758
0.046433
0.143238
-0.228186
-0.117091
-0.243378
-0.031507
-0.192041
-0.021667
0.277541
0.108588
0.132187
0.105577
-0.032194
0.177996
-0.035144
-0.383407
0
0.435478
-0.369079
-0.187821
-0.061067
0.121947
0.066200
0.013937
0.084124
0.248922
0.078730
0.200982
0.142945
0.081350
0.131562
0.120352
0.337378
-0.011659
-0.065651
0.416043
0.084939
0.307118
0.125149
0.045074
-0.139374
-0.001480
-0.488663
-0.185557
-0.012319
0.009449
-0.128436
-0.011383
0.132745
0.078032
-0.088031
-0.111451
0.111703
0.199409
0.151316
0.164537
0.188436
-0.374927
0.348587
0.043034
0.309884
-0.124759
-0.042178
0.378528
0.147757
0.018576
0.003251
-0.060427
-0.248672
-0.451960
0
-0.053815
-0.259553
-0.037510
-0.145654
-0.087620
0.162624
-0.109947
0.065788
0.132302
0.172039
0.043380
0.129571
0.197550
0.186503
0.040409
0.084304
0.131688
-0.043387
-0.062997
0.148106
0.098569
0.099036
-0.139487
0.075491
0.021251
0.130737
0.193047
-0.240848
-0.061944
-0.058311
0.060405
0.267788
-0.093039
-0.209164
-0.090763
0.128676
0.163371
-0.068262
-0.123387
0.041835
-0.194801
0.045570
-0.094831
0.182671
-0.146787
0.035797
-0.000441
-0.176868
0.071683
0.014804
0.133669
-0.059433
-0.152546
0
0.004990
-0.408160
-0.435020
-0.118218
0.171681
0.310270
0.288793
0.139659
-0.080806
-0.197326
-0.068789
0.056024
-0.035146
0.054733
-0.000122
-0.028015
0.238669
0.059071
0.245889
0.105756
-0.352248
-0.037380
0.165598
0.232512
0.133243
-0.047195
0.096577
-0.005827
-0.027907
0.084840
-0.085121
0.055317
-0.085067
-0.266780
-0.073644
-0.044590
-0.120229
-0.118270
0.093540
-0.006989
0.110462
-0.210312
-0.115887
0.036749
0.217028
-0.142136
-0.037179
-0.028353
-0.283720
-0.081656
0.023255
0.014282
-0.253910
0
0.087162
0.005841
0.004225
-0.158651
-0.267660
-0.099097
-0.047640
-0.200031
-0.395580
0.123203
-0.099799
-0.153906
-0.212722
0.099345
0.016997
-0.150157
-0.186023
0.048732
0.033365
-0.058964
0.150124
0.163075
-0.157003
-0.005389
-0.130451
0.042706
0.021029
-0.134345
-0.282193
-0.128762
0.039980
0.098288
0.143901
-0.089602
0.267247
-0.115170
-0.274944
0.229937
0.097943
-0.106612
0.105390
-0.068570
-0.068093
0.223468
-0.261359
-0.080250
-0.232788
-0.115107
0.111539
0.116496
0.144153
0.109021
-0.113597
0
-0.157369
-0.573670
-0.361822
-0.084985
0.229462
0.165089
0.156970
-0.383421
-0.398621
-0.107320
-0.055046
-0.344824
-0.207109
0.075511
-0.131969
-0.021764
0.049740
0.257666
0.059042
-0.029899
-0.004204
0.040820
-0.349999
0.024952
-0.142679
-0.189545
0.188484
-0.202556
-0.329175
0.003268
-0.150260
0.073629
-0.209802
-0.195235
0.013403
0.078754
-0.073996
-0.047832
-0.111477
-0.122859
-0.044011
-0.048843
0.076353
0.208017
-0.154306
-0.091017
-0.006618
-0.104565
-0.246285
0.093473
0.216107
0.029938
-0.171915
0
-0.211693
-0.409382
-0.143917
-0.395008
-0.089763
0.201602
0.308947
0.251828
-0.050756
-0.330579
-0.138912
-0.099716
0.129815
-0.036307
0.196760
-0.237329
0.057468
-0.148526
-0.045116
0.317226
-0.203298
0.105201
-0.092735
0.096965
-0.044744
-0.179289
-0.025325
0.049789
0.150323
0.272501
0.386182
-0.257173
-0.341047
0.027448
-0.116150
-0.017607
0.120352
0.113591
-0.144839
-0.036749
-0.190204
0.095492
0.243300
-0.286689
0.007418
-0.204735
0.314632
0.098932
-0.014393
-0.046950
-0.203710
0.300111
-0.278793
0
-0.085013
0.232474
-0.212521
-0.318053
-0.476331
-0.149573
0.367692
0.315746
0.454800
0.295155
0.470461
0.083733
0.016963
0.046809
0.347577
0.154508
0.164151
0.000484
0.033505
0.504893
-0.313298
-0.022309
-0.031303
0.097475
-0.415379
-0.105364
0.335878
-0.005741
0.123588
0.153056
0.246575
-0.200893
-0.203670
-0.312990
0.050468
0.297350
0.266219
0.124409
0.116685
0.183269
-0.070496
0.118125
0.306630
-0.280053
0.015480
-0.183932
0.367479
0.122192
0.156317
-0.001318
-0.140704
0.040230
-0.199491
0
-0.346677
-0.312034
-0.231083
-0.122458
0.132615
0.029980
0.111178
0.154210
0.065189
0.246162
-0.049693
0.152320
-0.094423
-0.072649
0.071944
-0.100789
0.270469
0.096762
0.213161
0.096586
-0.077266
0.106618
-0.091726
-0.045419
-0.085372
-0.203450
-0.081840
-0.160725
-0.251801
0.091059
0.147848
-0.041140
-0.186667
-0.143467
0.219112
-0.073799
0.117741
0.085209
-0.229394
-0.025687
-0.084912
-0.046849
-0.023320
0.129998
-0.161815
0.087429
0.134109
-0.078934
-0.192796
-0.024492
0.264989
-0.086258
-0.221300
0
0.025211
-0.388875
-0.014387
-0.043320
0.151755
0.067958
-0.067964
0.089080
0.194527
0.243580
-0.012049
0.385324
0.439085
0.314297
0.238774
0.338360
0.058733
0.472856
0.187716
-0.018660
0.530976
0.225988
-0.582568
-0.232822
0.031432
-0.488251
-0.075272
-0.256817
-0.196940
-0.233422
0.006503
0.100181
-0.363866
-0.170759
0.698167
-0.090863
-0.528239
0.128612
0.026549
0.012762
-0.475896
0.244808
-0.299522
0.653255
-0.878192
0.280646
-0.028970
0.054903
-0.083638
0.121579
0.500846
-0.094313
-0.829552
0
0.155716
0.221476
0.107141
0.012120
-0.127361
-0.195842
0.104685
-0.142588
-0.050226
-0.044545
-0.002932
-0.127190
-0.144037
0.024346
0.056922
0.005850
0.125998
-0.224231
-0.094591
-0.082512
0.158647
0.384946
-0.253872
-0.072447
-0.218075
-0.236259
0.336377
-0.097104
-0.071931
0.118988
0.287860
0.228140
-0.444515
-0.105294
0.123723
0.352984
0.212360
0.135237
-0.299277
0.023554
-0.378756
0.290667
0.149653
0.160250
-0.427703
-0.086850
0.393507
0.070466
-0.184048
-0.136812
0.206429
-0.210523
0.064807
0
-0.270073
0.050082
-0.018010
-0.074431
-0.071270
-0.394351
-0.013809
-0.166112
0.057231
-0.045058
-0.143590
0.281694
0.291627
0.107985
0.172034
0.143992
-0.152353
0.058441
-0.167919
-0.067219
-0.002967
0.305624
0.128519
0.174598
-0.212804
0.202294
0.253450
0.101543
-0.196243
0.278971
0.282733
-0.130221
-0.198610
0.084794
0.115209
0.102564
0.157502
-0.147994
0.127297
0.064317
0.101809
0.083827
0.095955
0.124349
-0.103760
-0.089505
0.083236
-0.045361
-0.176490
0.164341
-0.219523
0.131087
-0.029278
0
0.134768
0.021368
-0.266348
-0.312778
-0.013977
-0.221516
-0.393163
0.021945
-0.134576
0.132711
-0.248710
-0.107789
0.142791
0.075915
-0.124283
0.231094
0.140380
0.186752
0.058140
-0.094661
0.078819
0.119464
-0.258250
0.172502
0.001860
0.149631
0.140662
-0.033857
-0.053129
0.030137
0.044402
0.310608
-0.099973
0.013303
0.027579
0.046268
-0.218924
-0.060732
-0.278006
0.047155
0.140618
-0.150003
-0.262184
0.171853
-0.031691
-0.145941
0.046309
-0.055185
-0.307120
-0.048026
-0.080883
0.067902
-0.186485
0
-0.036261
-0.129582
-0.024742
-0.131509
-0.101836
-0.159313
-0.117565
-0.114114
0.097816
0.148834
-0.165353
-0.100118
0.177547
-0.106594
0.016390
-0.057562
-0.037582
0.094180
0.217726
-0.012229
0.128822
0.235693
-0.179302
0.070415
-0.183508
0.088856
-0.112015
-0.120042
-0.204508
-0.136664
0.198980
0.073101
0.046947
0.001814
-0.158104
-0.155126
0.120047
-0.033868
-0.082719
0.075838
-0.101933
-0.040871
0.161762
-0.108183
0.015072
-0.073663
-0.013152
0.199367
0.162993
-0.051498
-0.118094
0.113614
-0.128202
0
-0.065259
-0.075148
0.005978
0.164792
0.026978
0.187901
0.209954
-0.071615
0.212868
0.120087
0.212101
0.120920
0.045550
0.283358
0.122459
-0.036417
-0.036468
0.178699
0.082100
-0.074819
-0.009974
0.189091
0.024996
0.196444
0.146750
-0.160415
0.181792
0.156116
-0.015143
-0.192650
0.123241
0.255860
-0.052202
-0.106622
-0.033892
0.148567
0.167671
-0.156186
0.203326
0.134277
0.156639
0.103137
-0.039062
-0.148806
-0.054230
0.177669
-0.067816
0.135073
0.113820
0.228057
-0.034220
-0.210377
-0.117855
0
0.011063
-0.255853
-0.474969
-0.268464
-0.138775
0.174286
0.073658
0.272484
-0.071424
0.011202
-0.135326
-0.170936
0.131873
-0.029056
-0.197619
-0.247818
-0.537940
-0.479665
-0.625417
-0.682568
0.203495
-0.020604
-0.055838
-0.184724
-0.180218
0.145243
-0.339325
0.077771
0.126004
-0.014896
0.034561
-0.190898
0.223721
0.072803
-0.071301
-0.105358
-0.051956
-0.494373
0.322671
-0.057732
0.356020
-0.204058
0.080635
-0.072630
0.152907
-0.143557
-0.280943
0.062781
-0.202690
0.040905
0.169670
0.183382
-0.213845
0
-0.947618
-0.459462
-0.245249
-0.240535
-0.343114
-0.233490
-0.024253
-0.005454
0.133973
0.139454
-0.025543
-0.052545
-0.069494
0.292893
-0.350168
-0.139781
-0.188764
-0.087325
-0.434322
-0.003959
0.056377
-0.119187
-0.023022
0.213893
-0.378493
-0.087729
-0.005943
0.133956
0.003084
-0.090127
0.078964
0.254622
-0.077596
0.191136
-0.054437
0.171865
-0.140610
-0.290625
0.348476
-0.100406
0.295586
-0.285929
-0.053441
-0.190223
0.009698
0.006934
-0.429954
-0.221898
-0.124771
-0.030597
-0.108907
-0.154939
-0.123290
0
0.038398
0.224598
0.352771
0.110560
0.380118
0.380391
0.704091
0.422413
0.267328
0.000268
-0.098630
0.152424
0.376094
-0.279363
0.096346
-0.050783
-0.158076
0.065308
-0.089427
-1.154486
0.214125
0.349905
0.058821
-0.254253
0.245784
0.035365
-0.184267
0.163801
0.230377
-0.065208
0.112327
0.179100
0.039999
0.160671
0.018315
-0.151984
-0.225089
0.291639
0.011288
-0.131148
0.030446
0.129033
-0.189863
-0.073319
-0.265753
-0.036322
-0.218067
-0.006201
0.356790
-0.011227
-0.239845
0.067287
-0.097169
0
-0.065274
-0.352770
-0.265990
-0.454066
-0.314074
-0.160112
-0.077322
-0.526780
-0.113059
-0.143191
-0.077435
-0.271876
-0.029501
-0.135021
-0.218648
-0.086665
-0.031960
-0.095303
0.178964
-0.151570
0.014036
0.208815
0.090251
0.176586
0.047882
0.022135
0.121569
-0.216631
0.060672
-0.167133
-0.197762
0.143009
0.202201
0.502479
0.060973
0.222989
-0.134267
0.205508
-0.009238
-0.145189
0.081853
-0.113503
-0.100230
-0.251482
0.043744
-0.332578
0.303516
0.344698
0.197311
-0.048637
-0.159095
-0.068021
0.099025
0
0.236117
0.400175
0.225100
0.309211
0.349782
0.205744
-0.292742
-0.100657
0.076511
0.289834
0.048923
-0.092431
0.119109
0.129406
0.215357
0.143913
0.135808
0.165627
0.232866
0.515530
0.316073
-0.046090
0.114605
0.639590
0.456995
-0.227305
0.356153
-0.053235
0.103008
0.481975
0.067556
-0.099559
0.102112
0.239938
-0.332387
0.747663
-0.042720
0.448157
-0.497076
-0.213267
-0.025710
0.864138
0.337612
-0.220888
0.073789
-0.054947
2.382085
0.560405
-0.268741
-0.062521
0.367636
-0.399048
0.224680
0
0.083051
0.031302
0.006417
0.146100
0.323356
0.098000
0.074345
0.203375
0.004771
0.018167
0.063811
0.255925
0.075526
0.262756
0.308077
0.296226
0.136326
0.088837
0.068224
0.064569
0.389244
-0.048437
0.055619
-0.003421
-0.055059
-0.137898
-0.141811
0.148947
0.071065
-0.145529
-0.235739
-0.185794
-0.252872
-0.119992
0.010128
0.049212
-0.108346
0.130221
0.099630
-0.248031
0.022359
-0.226015
-0.102547
0.320733
-0.042583
0.162798
-0.097904
-0.143979
0.103928
-0.117993
0.105101
0.072959
-0.180716
0
-0.019109
-0.119806
-0.112561
-0.113649
0.011470
0.152493
-0.057509
0.281776
0.335616
-0.022027
0.229755
-0.122239
-0.013026
-0.039366
0.216791
-0.082223
0.250956
0.137135
-0.028174
0.236110
0.281325
-0.081191
0.152057
0.106024
0.122913
-0.038249
0.153976
0.088370
0.092975
0.033603
-0.119801
-0.223416
0.014240
0.098301
-0.203082
0.081452
0.039144
-0.118810
0.274488
-0.055937
-0.070100
0.049225
0.059721
0.070845
0.085545
0.025517
-0.047861
0.134442
-0.107786
-0.170052
0.164369
-0.137230
0.064943
0
0.026508
0.017356
0.094922
-0.192212
0.001722
0.053847
0.151915
-0.056682
-0.293836
0.030850
-0.055160
0.093879
0.070060
-0.059702
-0.072971
-0.137408
0.131957
-0.302468
-0.079510
-0.585746
0.077461
-0.314709
0.156927
-0.069202
0.447765
0.267230
-0.171938
0.155659
-0.017252
0.083846
0.077020
0.044173
0.078055
-0.028289
0.156078
-0.203920
0.248302
0.069169
-0.002301
0.177941
0.078117
0.299545
0.157566
-0.078575
0.096515
-0.140388
-0.020480
-0.043909
-0.035719
0.163639
-0.005407
0.108498
0.148726
0
0.376128
-0.008098
-0.142455
-0.037197
0.052029
0.289573
0.134863
0.372972
-0.023963
0.073811
0.083381
0.000443
-0.484633
-0.588245
-0.483609
-0.224232
-0.128893
-0.083091
-0.195177
-0.193073
0.051017
-0.137637
0.037982
-0.049443
0.625408
0.177078
0.033291
0.300479
0.400522
-0.266156
0.114310
-0.057622
0.488486
0.011440
-0.345926
-0.038413
0.062642
-0.065475
-0.140112
-0.188147
-0.127738
-0.263072
0.266253
-0.143654
0.201151
0.204747
-0.127752
0.226749
0.146177
-0.016912
0.043234
-0.189830
0.416360
0
-0.274307
0.065592
0.317295
0.483388
0.239216
0.107976
0.561137
0.404848
0.101141
-0.129823
-0.167910
0.208228
0.290432
0.018988
0.248509
0.051990
0.077399
-0.037381
-0.015142
-0.312855
-0.284526
-0.062988
-0.307186
0.185862
-0.021230
0.003563
0.175351
0.024868
-0.374577
0.029674
0.261274
-0.061499
0.007820
-0.224336
0.093373
-0.136384
0.011055
0.010966
-0.039320
0.150355
0.008821
0.099548
0.086749
0.083151
0.174307
-0.180235
0.126098
-0.082558
-0.150002
-0.147184
-0.225816
0.059318
-0.186774
0
0.210097
-0.261384
-0.174391
-0.247924
-0.320160
0.010523
-0.232232
-0.239236
-0.317264
-0.549825
-0.163079
0.071666
-0.035298
-0.045451
0.070631
0.218760
-0.059370
-0.139639
0.164767
-0.435271
0.154705
-0.319588
-0.114903
-0.005006
0.418786
0.019296
-0.252604
0.058740
0.026164
-0.293597
-0.207211
-0.008656
0.019042
-0.238277
0.111764
0.008508
-0.087760
-0.158081
-0.006000
0.073138
-0.260950
-0.114577
0.104561
-0.041032
-0.011620
0.049396
-0.104632
-0.228062
0.262215
-0.065692
0.058161
0.028965
-0.007720
0
-0.250883
-0.057794
0.080348
-0.026526
0.029524
-0.068301
0.035886
0.074381
0.120093
0.222959
-0.001143
0.124647
-0.192902
-0.014763
0.117996
-0.049249
-0.021711
-0.040685
-0.096398
0.235213
-0.109970
0.100356
0.228613
-0.174737
-0.345042
-0.115961
-0.014543
0.033481
-0.144106
-0.007831
-0.147961
0.004303
-0.060505
0.093082
0.066861
0.156348
-0.169272
-0.098569
0.186388
0.118432
-0.054862
-0.155296
0.071146
-0.080589
0.088546
0.107784
0.085334
-0.192226
0.189097
-0.146506
0.018480
-0.046733
-0.033523
0
0.194060
0.088451
0.260379
0.400453
0.367118
0.423217
0.136622
-0.039916
-0.128281
-0.070290
-0.303188
0.027189
0.032489
-0.144871
0.069197
0.034871
-0.072258
-0.061837
0.123538
0.061866
-0.114561
-0.040445
0.080294
-0.098091
0.049204
0.180394
-0.037440
-0.306061
-0.060639
0.195207
-0.016473
0.148673
-0.076682
-0.161836
0.077491
0.060464
-0.015258
0.036796
0.091265
0.078657
0.159076
0.184659
-0.019057
-0.128743
0.080719
0.204860
0.089735
-0.237384
-0.124172
-0.032688
0.123084
0.218176
-0.186585
0
-0.134513
-0.300747
-0.208374
0.115883
0.089840
-0.081378
0.103055
0.091705
-0.068499
-0.297782
-0.097952
0.169934
0.011823
-0.110987
-0.220195
-0.159626
0.045494
-0.342640
-0.300704
-0.627202
-0.114972
-0.021742
0.110595
0.118416
0.550209
0.006453
-0.436031
0.085305
0.125046
-0.385331
0.042158
0.054806
-0.086334
-0.076052
-0.270867
0.058296
-0.191928
0.223147
-0.071042
0.167548
0.443591
0.108547
-0.002866
0.004072
0.265941
0.044122
-0.003774
0.093415
0.081718
-0.101921
-0.285990
-0.016941
0.502351
0
-0.411026
-0.713171
0.123969
0.565761
0.312090
-0.261128
-0.783662
-0.833660
-0.128721
-0.059662
-0.098180
-0.095508
-0.171758
0.086644
0.016254
-0.026425
-0.278043
0.021976
-0.034889
0.536934
0.083148
-0.105852
-0.200301
-0.216933
-0.113906
-0.007788
-0.201279
0.149484
-0.231253
0.345581
0.145749
-0.311189
-0.348077
-0.027277
0.469719
-0.245758
0.099952
-0.196631
0.303002
0.082250
-0.397154
0.102089
-0.126999
0.489695
-0.091703
0.140804
0.075184
-0.562908
-0.093763
-0.097534
0.027499
0.013149
-0.006917
0
-0.493597
-0.507511
0.063592
-0.075033
-0.015607
-0.298593
0.140163
-0.152219
-0.067068
-0.132076
-0.137182
0.002414
-0.037189
-0.256543
0.056771
-0.007241
-0.206346
-0.372495
-0.076809
-0.062870
-0.034135
-0.249343
0.006985
0.045956
0.255169
-0.187686
0.020025
-0.012961
0.124303
0.189398
0.106896
0.079700
0.527250
0.164226
0.088984
0.224609
0.271065
0.247765
0.072797
0.132946
0.058379
-0.219750
-0.077243
-0.286353
0.196228
-0.033292
0.131268
0.254323
0.256542
0.151876
-0.015714
0.028839
-0.162363
0
-0.054767
0.507141
-0.116644
-0.211685
-0.728484
-0.418472
0.062374
0.085928
-0.023894
-0.576710
-0.805344
-0.290694
0.309674
0.252027
0.216354
0.364014
0.096167
-0.093293
-0.021793
-0.574098
-0.143078
0.066483
-0.332107
0.098297
0.136654
0.273529
0.168358
-0.124254
-0.257975
-0.205592
0.133443
0.070373
-0.090144
-0.367123
-0.356788
-0.473787
0.375221
-0.071175
0.064081
0.143864
0.438216
0.176673
0.535566
0.159408
-0.095915
0.166302
-0.517741
-0.165719
-0.045807
0.007346
0.100855
-0.054900
0.649046
0
0.060862
-0.363418
-0.441930
0.042563
0.243294
-0.007027
-0.555066
-0.574695
-0.342945
-0.087769
0.043576
-0.318021
0.024279
0.299493
-0.049332
-0.048380
-0.125585
0.006055
-0.040900
0.006373
0.197572
-0.204881
0.019235
-0.205604
0.390692
0.113147
-0.225815
-0.041615
0.437169
-0.259499
-0.059342
-0.004319
0.415163
0.129599
-0.013495
0.415209
-0.260313
0.055547
-0.162429
0.019060
0.499942
-0.441421
-0.137060
-0.275118
0.292879
-0.003368
0.520193
0.526187
0.138453
-0.155065
-0.065814
-0.076749
0.195267
0
0.222480
0.252079
0.199034
0.224984
0.183424
0.054829
0.156622
0.117383
0.004594
-0.010562
-0.096008
0.041964
0.133518
-0.133346
-0.020380
0.065912
-0.364094
-0.045514
-0.193251
-0.367694
0.608362
0.485552
-0.018712
-0.384471
-0.045103
-0.232715
-0.111330
0.003335
-0.161382
0.465885
-0.118965
-0.006529
-0.902391
0.372083
0.215275
-0.461924
0.020364
-0.219970
0.271530
-0.005018
-0.537943
0.251763
-0.288043
0.758576
0.019966
0.021559
-0.826738
-0.052782
0.078349
-0.531798
-0.069564
-0.233568
-0.124648
0
0.006375
-0.047029
0.051664
-0.137068
0.041491
-0.065720
0.071359
-0.092543
-0.188661
0.045990
0.080000
-0.058649
-0.127336
-0.011616
0.006259
0.064660
-0.288517
-0.071020
-0.172692
-0.249983
-0.016276
-0.164601
0.042462
-0.106018
0.158365
-0.086290
0.162311
0.147075
0.062556
0.140770
-0.120628
-0.092043
0.085728
-0.270990
0.007071
-0.090144
-0.017899
0.226326
-0.003440
0.050339
0.131852
-0.151782
0.246414
-0.176179
0.043532
-0.005637
0.099198
0.074557
-0.064166
-0.120338
-0.039762
0.035809
0.070224
0
-0.160858
0.307270
0.540353
0.297161
-0.102274
-0.002964
-0.135279
-0.154823
0.084379
0.273587
0.158715
0.141366
0.406674
0.415860
0.174308
0.041059
0.158165
-0.066500
0.052146
-0.001380
-0.254414
0.055866
0.074836
0.119104
0.053548
0.052544
-0.060419
0.074540
-0.040810
-0.113364
-0.138791
0.173551
-0.005469
-0.122352
-0.027474
-0.002169
-0.143012
-0.234126
0.130646
0.204109
-0.021102
0.194299
0.009568
0.133749
0.184252
0.194507
-0.124429
-0.158840
-0.089053
-0.035856
-0.032360
-0.088418
0.041398
0
-0.089024
-0.140050
0.010201
0.002657
-0.131812
-0.212968
-0.096656
0.031458
-0.058516
-0.270369
-0.330132
0.066359
0.169408
0.061739
-0.213007
0.110521
-0.353126
-0.273370
0.135249
-0.534353
-0.320098
-0.031180
-0.285579
0.020468
-0.127933
-0.048133
0.297256
-0.050799
-0.140542
0.226201
0.031963
-0.146142
0.192993
-0.188223
-0.117379
0.030330
0.418039
-0.171674
0.035041
0.094655
0.223351
0.428843
0.242448
-0.071670
0.133243
0.022135
-0.178926
0.131153
-0.011081
-0.178386
0.093668
0.133613
0.110562
0
0.046721
0.067869
-0.177063
-0.164676
-0.946859
-0.587610
-0.094237
0.161115
-0.158657
-0.223329
-0.487068
0.199998
-0.034682
0.272693
0.186057
0.128825
0.252486
-0.203345
0.046285
-0.506968
-0.382056
0.184574
0.118651
0.034750
0.342649
0.051463
-0.083609
-0.037581
0.025707
-0.142132
0.244737
-0.051189
-0.062871
-0.321491
-0.321398
-0.157273
0.204491
-0.351054
0.164189
0.185949
0.390906
-0.085034
0.501498
0.022083
-0.307144
0.002151
-0.379194
0.082611
0.060038
0.229439
-0.156023
0.041802
0.416934
0
-0.204409
-0.102856
-0.031724
0.125707
-0.165659
-0.009880
-0.159816
-0.139593
-0.393116
-0.334175
-0.283134
-0.453785
-0.456210
-0.196437
-0.103170
-0.286669
0.125584
0.068558
-0.455918
0.160707
0.008731
-0.374968
-0.170993
-0.088047
-0.073664
-0.084924
-0.432653
0.290011
0.271663
-0.430319
-0.064223
-0.164700
0.086981
0.228637
0.237605
0.135233
-0.103564
0.051501
0.305899
0.005872
0.128050
-0.177382
-0.033648
0.115549
0.195180
-0.091615
-0.277299
0.207573
-0.397396
-0.012212
-0.031767
0.025616
0.145934
0
-0.219703
0.073295
0.487801
0.590310
0.614923
0.359483
0.343036
-0.039082
-0.125371
-0.441305
-0.313872
0.352079
0.351879
0.016472
0.125345
0.096214
-0.341377
-0.055236
-0.073977
-0.278813
-0.239565
0.284517
0.077038
0.172085
0.046910
0.299367
0.032168
-0.323380
-0.316362
0.137521
-0.024275
0.064005
-0.122652
-0.224743
-0.080072
0.004019
-0.000234
-0.012526
0.255609
-0.283822
0.206884
0.104352
0.001047
0.095438
0.161109
0.016217
-0.351726
-0.165122
-0.234688
-0.274651
-0.055870
-0.118563
-0.328754
0
0.009413
-0.000181
0.152005
-0.030022
0.184081
0.069714
0.180524
0.556753
0.286242
0.230260
0.025218
-0.063336
-0.056350
-0.191338
0.082977
-0.155655
-0.153622
0.302765
-0.067758
0.499183
-0.031333
-0.010818
-0.005774
-0.121866
-0.264052
-0.101599
-0.155320
0.206951
0.061194
0.155872
-0.211831
-0.135143
-0.207081
-0.077536
0.117766
0.137706
-0.161046
-0.088674
0.041086
0.092998
-0.139268
0.165164
-0.298253
0.255902
-0.181345
-0.108650
-0.028649
-0.038081
-0.098628
0.047508
0.006718
-0.133449
-0.060444
0
0.312155
0.210881
0.129032
-0.183911
-0.608982
-0.345267
-0.243052
-0.020527
0.052775
-0.165904
0.243422
-0.043613
-0.409254
-0.358881
-0.324535
-0.227380
-0.097471
-0.105418
0.256669
0.189245
-0.056780
-0.085292
0.048782
0.308543
-0.031823
0.015453
0.204670
0.107457
0.113473
-0.112080
-0.194706
0.058123
0.093848
0.535186
-0.011996
0.235154
-0.050970
0.217534
-0.205997
0.025518
-0.233941
0.008691
0.102690
-0.194313
-0.064245
-0.064741
0.272986
0.234877
-0.049889
0.101697
0.226461
0.062652
0.171106
0
-0.693762
-0.175613
-0.231217
0.022034
-0.283978
0.041848
0.128129
0.400632
-0.166624
-0.362580
-0.217174
0.126532
-0.162587
-0.495723
-0.307296
-0.138099
-0.324547
-0.181446
-0.010859
-0.461400
-0.017678
0.165420
0.148286
0.014741
0.374725
0.237662
-0.024012
-0.246683
-0.255590
-0.075851
0.116616
0.080792
0.485168
0.027052
0.091924
0.170303
-0.116556
-0.029269
-0.111600
-0.113056
0.185116
0.242065
0.193613
0.010285
0.311163
0.010988
-0.732175
0.203704
-0.325364
-0.296047
-0.294953
0.133924
0.657952
0
0.572503
0.062855
0.063786
-0.046627
-0.211739
0.445930
0.410788
0.296708
0.346425
0.189119
-0.126339
-0.097236
-0.084312
-0.441669
-0.475790
0.098723
-0.224570
0.047884
-0.232020
-1.209324
0.137144
0.132744
-0.113181
0.070967
0.273041
0.126253
0.109008
0.001838
-0.001691
-0.304303
-0.109538
0.065977
-0.148774
-0.362832
0.013569
-0.111104
-0.000186
-0.078775
0.159896
0.019346
-0.287560
-0.049034
-0.130155
0.145957
-0.372128
0.042818
0.278666
-0.064799
-0.083213
0.342557
-0.020501
0.006983
-0.100739
0
0.232667
0.149225
-0.072203
-0.254957
0.116637
0.015467
0.104578
0.218824
0.326934
0.157213
0.030011
-0.075698
-0.131066
-0.020746
-0.128602
-0.018184
0.206406
0.328376
0.223144
0.392283
0.051286
0.028279
-0.071145
0.131627
-0.230795
-0.161505
-0.213809
-0.202308
-0.101841
-0.108047
-0.183665
0.169381
-0.338006
-0.082896
-0.036163
-0.287485
-0.005091
-0.171769
-0.058260
-0.145570
-0.173181
-0.075503
-0.065162
0.061590
-0.313600
0.135336
0.458531
-0.417595
0.088334
0.342264
0.288608
-0.099450
-0.419825
0
0.177690
-0.025378
-0.125780
-0.111377
0.307653
-0.044715
-0.012557
-0.024692
0.210827
0.069304
-0.070058
-0.139887
0.173991
-0.007635
-0.046796
0.055282
0.021081
0.012414
0.177928
0.334410
0.244802
0.064991
-0.034530
-0.073582
-0.090842
-0.030031
-0.062815
-0.138215
-0.080316
-0.056215
0.006419
-0.154342
0.038047
0.065727
-0.102791
0.166065
0.173827
0.015373
0.111159
-0.075841
0.117181
-0.053080
0.028108
0.112098
-0.036222
0.012017
-0.062875
0.219488
0.072224
0.141383
0.122035
0.120949
0.027823
0
-0.011283
0.139197
0.246878
0.401204
0.280845
-0.065625
0.208221
-0.585318
-0.130063
-0.273780
-0.332929
-0.003789
0.323680
-0.122044
-0.178806
0.017682
0.118416
0.004280
0.366936
0.261195
-0.248583
0.138740
-0.118884
0.037419
-0.115076
0.015968
-0.031591
0.037953
-0.144047
0.016807
0.171788
-0.072331
-0.278569
0.115144
0.017146
0.130510
0.266867
-0.096305
-0.040354
0.064006
-0.174776
-0.076446
0.100210
0.305197
-0.218127
0.039801
-0.462698
0.009326
-0.010013
-0.108764
-0.073582
-0.237834
0.088756
0
0
-1.133776
-0.890589
1.020743
1.259270
2.685541
-0.696012
0.393760
0.593947
1.178173
0.478983
0.583902
-0.212872
2.783323
-0.377639
-1.073162
1.362984
1.325098
2.346788
-1.502528
0.670663
0.795641
0.873393
1.296526
-1.909500
1.628063
-0.701244
3.311502
1.721536
0.826336
-1.366124
-0.295183
-1.124694
-3.531483
